1000 480 200 50 P
1250 450 200 50 P
1000 300 200 50 P
1300 250 200 50 P
1500 250 200 50 P
2100 480 200 50 P
2300 450 200 50 P
2100 250 200 50 P
1900 150 200 50 P
2500 350 200 50 P
2450 350 200 50 P
2700 450 200 50 P
2900 480 200 50 P
3300 480 200 50 P
3550 450 200 50 P
3800 480 200 50 P
3800 300 200 50 P
4000 250 200 50 P
4200 200 200 50 P
5000 480 200 50 P
4800 450 200 50 P
5000 350 200 50 P
5250 230 200 50 P
5000 200 200 50 P
5500 200 200 50 P
5750 230 200 50 P
6000 350 200 50 P
6500 480 200 50 P
6730 450 200 50 P
6960 420 200 50 P
6500 200 200 50 P
6730 270 200 50 P
7190 450 200 50 P
1075 430 40 40 G
1325 400 40 40 G
1075 250 40 40 G
1600 575 40 40 G
1700 575 40 40 G
1800 575 40 40 G
2175 430 40 40 G
2375 400 40 40 G
3375 430 40 40 G
3625 400 40 40 G
4075 200 40 40 G
4500 575 40 40 G
4600 575 40 40 G
4700 575 40 40 G
5075 430 40 40 G
4875 400 40 40 G
5075 150 40 40 G
5500 575 40 40 G
5600 575 40 40 G
5700 575 40 40 G
6575 430 40 40 G
6805 400 40 40 G
7000 575 40 40 G
7100 575 40 40 G
7200 575 40 40 G
1575 220 40 40 H
2575 320 40 40 H
2900 590 40 40 H
4275 170 40 40 H
4000 590 40 40 H
5575 170 40 40 H
5400 590 40 40 H
7265 420 40 40 H
1000 500 200 200 skeleton 120 15 E
1300 515 130 130 mushroom 100 12 E
1800 400 250 250 griffin 200 25 E
2500 500 200 200 skeleton 120 15 E
2900 500 200 200 skeleton 120 15 E
3500 515 130 130 mushroom 100 12 E
4000 515 130 130 mushroom 100 12 E
4600 400 250 250 griffin 200 25 E
4800 500 200 200 skeleton 120 15 E
5300 500 200 200 skeleton 120 15 E
5900 400 250 250 griffin 200 25 E
6500 515 130 130 mushroom 100 12 E
6800 500 200 200 skeleton 120 15 E
7600 400 250 250 griffin 200 25 E