1000 480 200 50 P
1250 450 200 50 P
1000 300 200 50 P
1300 250 200 50 P
1500 250 200 50 P
2100 480 200 50 P
2300 450 200 50 P
2100 250 200 50 P
1900 150 200 50 P
2500 350 200 50 P
2450 350 200 50 P
2700 450 200 50 P
2900 480 200 50 P
3300 480 200 50 P
3550 450 200 50 P
3800 480 200 50 P
3800 300 200 50 P
4000 250 200 50 P
4200 200 200 50 P
5000 480 200 50 P
4800 450 200 50 P
5000 350 200 50 P
5250 230 200 50 P
5000 200 200 50 P
5500 200 200 50 P
5750 230 200 50 P
6000 350 200 50 P
6500 480 200 50 P
6730 450 200 50 P
6960 420 200 50 P
6500 200 200 50 P
6730 270 200 50 P
7190 450 200 50 P